2 0.7115384615384616 0.35096153846153844 0.2091346153846154 0.15865384615384615
2 0.8269230769230769 0.28125 0.1466346153846154 0.16105769230769232
2 0.9182692307692307 0.2956730769230769 0.0673076923076923 0.1346153846153846
0 0.71875 0.44471153846153844 0.0673076923076923 0.09134615384615384
0 0.6778846153846154 0.4423076923076923 0.06490384615384616 0.057692307692307696
0 0.3605769230769231 0.41586538461538464 0.06490384615384616 0.07692307692307693
0 0.16105769230769232 0.2403846153846154 0.07932692307692307 0.0985576923076923
1 0.06971153846153846 0.2764423076923077 0.04326923076923077 0.036057692307692304
1 0.14423076923076922 0.5048076923076923 0.10336538461538461 0.09615384615384616
1 0.5288461538461539 0.46634615384615385 0.0673076923076923 0.0673076923076923
1 0.5504807692307693 0.4254807692307692 0.05048076923076923 0.052884615384615384