1 0.45913461538461536 0.4495192307692308 0.055288461538461536 0.04807692307692308
1 0.47836538461538464 0.49038461538461536 0.06490384615384616 0.0625
1 0.8557692307692307 0.5360576923076923 0.10336538461538461 0.09134615384615384
1 0.9423076923076923 0.3125 0.040865384615384616 0.028846153846153848
0 0.6442307692307693 0.44711538461538464 0.055288461538461536 0.07692307692307693
0 0.8461538461538461 0.2764423076923077 0.08173076923076923 0.09375
0 0.3269230769230769 0.46153846153846156 0.07211538461538461 0.06009615384615385
0 0.2620192307692308 0.47596153846153844 0.08653846153846154 0.06009615384615385
2 0.30288461538461536 0.3701923076923077 0.20192307692307693 0.14182692307692307
2 0.1971153846153846 0.3076923076923077 0.15384615384615385 0.14423076923076922
2 0.0889423076923077 0.31490384615384615 0.06971153846153846 0.11778846153846154