2 0.7572115384615384 0.35336538461538464 0.19951923076923078 0.15865384615384615
2 0.8653846153846154 0.28365384615384615 0.15144230769230768 0.18990384615384615
2 0.9591346153846154 0.3125 0.07932692307692307 0.1201923076923077
0 0.7307692307692307 0.4375 0.057692307692307696 0.08173076923076923
0 0.47596153846153844 0.4206730769230769 0.06490384615384616 0.04567307692307692
0 0.3701923076923077 0.46875 0.09615384615384616 0.12740384615384615
0 0.17307692307692307 0.3269230769230769 0.0673076923076923 0.09615384615384616
0 0.03365384615384615 0.4567307692307692 0.0673076923076923 0.0625
1 0.6225961538461539 0.42788461538461536 0.052884615384615384 0.052884615384615384
1 0.24278846153846154 0.28846153846153844 0.040865384615384616 0.040865384615384616
1 0.1346153846153846 0.5048076923076923 0.09375 0.04807692307692308