2 0.7211538461538461 0.37259615384615385 0.19230769230769232 0.15144230769230768
2 0.8317307692307693 0.30288461538461536 0.1466346153846154 0.17548076923076922
2 0.9326923076923077 0.3245192307692308 0.06009615384615385 0.125
1 0.5745192307692307 0.4495192307692308 0.04807692307692308 0.055288461538461536
1 0.4254807692307692 0.43028846153846156 0.057692307692307696 0.04807692307692308
1 0.21875 0.5024038461538461 0.09375 0.09134615384615384
1 0.10096153846153846 0.28125 0.040865384615384616 0.026442307692307692
1 0.19230769230769232 0.28846153846153844 0.03365384615384615 0.036057692307692304
0 0.22115384615384615 0.2548076923076923 0.0673076923076923 0.0889423076923077
0 0.4326923076923077 0.46153846153846156 0.09615384615384616 0.052884615384615384
0 0.3870192307692308 0.43028846153846156 0.052884615384615384 0.07451923076923077
0 0.5360576923076923 0.43509615384615385 0.038461538461538464 0.05048076923076923