2 0.19471153846153846 0.375 0.23798076923076922 0.17548076923076922
2 0.06971153846153846 0.2932692307692308 0.13942307692307693 0.21875
0 0.2692307692307692 0.47596153846153844 0.09134615384615384 0.06971153846153846
0 0.4326923076923077 0.43990384615384615 0.03125 0.05048076923076923
0 0.5697115384615384 0.43028846153846156 0.055288461538461536 0.06971153846153846
0 0.75 0.2692307692307692 0.0673076923076923 0.08413461538461539
0 0.9326923076923077 0.4543269230769231 0.0625 0.052884615384615384
1 0.8317307692307693 0.4879807692307692 0.07932692307692307 0.08413461538461539
1 0.6826923076923077 0.2956730769230769 0.038461538461538464 0.036057692307692304
1 0.5288461538461539 0.43509615384615385 0.04567307692307692 0.04807692307692308
1 0.39903846153846156 0.4567307692307692 0.05048076923076923 0.0625