1 0.5072115384615384 0.49038461538461536 0.0625 0.0673076923076923
1 0.5216346153846154 0.44711538461538464 0.04807692307692308 0.040865384615384616
1 0.15384615384615385 0.5432692307692307 0.10576923076923077 0.09615384615384616
1 0.014423076923076924 0.31490384615384615 0.026442307692307692 0.028846153846153848
1 0.0985576923076923 0.3076923076923077 0.026442307692307692 0.026442307692307692
0 0.13942307692307693 0.28125 0.07692307692307693 0.10096153846153846
0 0.3317307692307692 0.4519230769230769 0.06009615384615385 0.07932692307692307
0 0.47836538461538464 0.44471153846153844 0.04567307692307692 0.057692307692307696
0 0.65625 0.4639423076923077 0.08413461538461539 0.0625
2 0.65625 0.36778846153846156 0.18028846153846154 0.14182692307692307
2 0.7572115384615384 0.31009615384615385 0.125 0.14182692307692307