2 0.6754807692307693 0.38221153846153844 0.19230769230769232 0.15144230769230768
2 0.7740384615384616 0.31490384615384615 0.15384615384615385 0.1658653846153846
2 0.8701923076923077 0.34134615384615385 0.07692307692307693 0.10576923076923077
1 0.8581730769230769 0.5456730769230769 0.08173076923076923 0.08413461538461539
1 0.53125 0.4639423076923077 0.052884615384615384 0.055288461538461536
1 0.16105769230769232 0.5264423076923077 0.10336538461538461 0.09134615384615384
1 0.04326923076923077 0.32211538461538464 0.04326923076923077 0.03125
0 0.16105769230769232 0.27884615384615385 0.07692307692307693 0.09375
0 0.35336538461538464 0.5240384615384616 0.11778846153846154 0.08653846153846154
0 0.34375 0.4495192307692308 0.0625 0.06971153846153846
0 0.71875 0.4807692307692308 0.08653846153846154 0.06009615384615385