2 0.3004807692307692 0.38221153846153844 0.1971153846153846 0.14903846153846154
2 0.18990384615384615 0.3269230769230769 0.14423076923076922 0.14903846153846154
2 0.0985576923076923 0.34134615384615385 0.07451923076923077 0.10336538461538461
0 0.2644230769230769 0.47836538461538464 0.09375 0.06490384615384616
0 0.6442307692307693 0.4495192307692308 0.06009615384615385 0.07451923076923077
0 0.6538461538461539 0.5168269230769231 0.12259615384615384 0.09134615384615384
0 0.8365384615384616 0.2692307692307692 0.08173076923076923 0.09615384615384616
1 0.9302884615384616 0.31971153846153844 0.04567307692307692 0.036057692307692304
1 0.8533653846153846 0.5144230769230769 0.0985576923076923 0.09134615384615384
1 0.47836538461538464 0.49038461538461536 0.06490384615384616 0.0625
1 0.46153846153846156 0.4543269230769231 0.057692307692307696 0.05048076923076923