1 0.30528846153846156 0.5600961538461539 0.02403846153846154 0.028846153846153848
1 0.31971153846153844 0.53125 0.016826923076923076 0.021634615384615384
1 0.057692307692307696 0.5649038461538461 0.03365384615384615 0.026442307692307692
1 0.028846153846153848 0.53125 0.014423076923076924 0.019230769230769232
0 0.18509615384615385 0.5576923076923077 0.019230769230769232 0.03125
0 0.125 0.5288461538461539 0.021634615384615384 0.028846153846153848
0 0.22355769230769232 0.5288461538461539 0.019230769230769232 0.02403846153846154
0 0.2091346153846154 0.4951923076923077 0.007211538461538462 0.01201923076923077
0 0.2283653846153846 0.49278846153846156 0.009615384615384616 0.014423076923076924
0 0.2548076923076923 0.4951923076923077 0.009615384615384616 0.019230769230769232
0 0.45913461538461536 0.47115384615384615 0.014423076923076924 0.016826923076923076
0 0.44711538461538464 0.47836538461538464 0.004807692307692308 0.009615384615384616
2 0.4423076923076923 0.4879807692307692 0.04567307692307692 0.02403846153846154