1 0.34375 0.14182692307692307 0.040865384615384616 0.03125
1 0.052884615384615384 0.22355769230769232 0.02403846153846154 0.016826923076923076
1 0.052884615384615384 0.19951923076923078 0.016826923076923076 0.02403846153846154
1 0.09375 0.21634615384615385 0.016826923076923076 0.016826923076923076
0 0.2283653846153846 0.2932692307692308 0.04567307692307692 0.038461538461538464
0 0.1875 0.17307692307692307 0.01201923076923077 0.02403846153846154
0 0.19951923076923078 0.17548076923076922 0.014423076923076924 0.02403846153846154
0 0.1778846153846154 0.20432692307692307 0.014423076923076924 0.02403846153846154
0 0.19471153846153846 0.20192307692307693 0.014423076923076924 0.02403846153846154
0 0.21153846153846154 0.19951923076923078 0.014423076923076924 0.019230769230769232
0 0.12740384615384615 0.1778846153846154 0.009615384615384616 0.03125
1 0.15384615384615385 0.18990384615384615 0.019230769230769232 0.019230769230769232
1 0.15865384615384615 0.21153846153846154 0.019230769230769232 0.019230769230769232