0 0.04807692307692308 0.27163461538461536 0.09375 0.11778846153846154
0 0.17548076923076922 0.3269230769230769 0.06009615384615385 0.08653846153846154
0 0.23076923076923078 0.5024038461538461 0.13221153846153846 0.1658653846153846
0 0.28365384615384615 0.5961538461538461 0.0625 0.0625
0 0.7355769230769231 0.5264423076923077 0.11538461538461539 0.1658653846153846
0 0.6538461538461539 0.5817307692307693 0.019230769230769232 0.040865384615384616
0 0.40625 0.2620192307692308 0.016826923076923076 0.03365384615384615
0 0.4230769230769231 0.23317307692307693 0.014423076923076924 0.026442307692307692
0 0.5120192307692307 0.23798076923076922 0.016826923076923076 0.02403846153846154
0 0.4831730769230769 0.19951923076923078 0.007211538461538462 0.014423076923076924
0 0.46634615384615385 0.19951923076923078 0.009615384615384616 0.014423076923076924
0 0.4423076923076923 0.19951923076923078 0.007211538461538462 0.014423076923076924
0 0.25961538461538464 0.16346153846153846 0.01201923076923077 0.02403846153846154
2 0.2644230769230769 0.18269230769230768 0.05048076923076923 0.026442307692307692
1 0.29086538461538464 0.25961538461538464 0.026442307692307692 0.028846153846153848
1 0.3245192307692308 0.23076923076923078 0.016826923076923076 0.019230769230769232
1 0.5288461538461539 0.27403846153846156 0.026442307692307692 0.026442307692307692
1 0.6057692307692307 0.24519230769230768 0.016826923076923076 0.016826923076923076
1 0.6418269230769231 0.28125 0.02403846153846154 0.026442307692307692
1 0.5 0.5048076923076923 0.17307692307692307 0.18509615384615385