0 0.5697115384615384 0.3557692307692308 0.01201923076923077 0.019230769230769232
0 0.5841346153846154 0.3605769230769231 0.007211538461538462 0.009615384615384616
0 0.7668269230769231 0.375 0.009615384615384616 0.01201923076923077
0 0.7932692307692307 0.375 0.004807692307692308 0.009615384615384616
0 0.8125 0.37740384615384615 0.009615384615384616 0.01201923076923077
0 0.7860576923076923 0.41346153846153844 0.019230769230769232 0.03125
0 0.8846153846153846 0.4110576923076923 0.02403846153846154 0.028846153846153848
0 0.8125 0.44471153846153844 0.02403846153846154 0.038461538461538464
1 0.9471153846153846 0.4495192307692308 0.03125 0.028846153846153848
1 0.9903846153846154 0.4182692307692308 0.019230769230769232 0.02403846153846154
1 0.6899038461538461 0.41346153846153844 0.021634615384615384 0.021634615384615384
1 0.6923076923076923 0.44471153846153844 0.021634615384615384 0.02403846153846154
2 0.5889423076923077 0.37259615384615385 0.05048076923076923 0.021634615384615384