0 0.39663461538461536 0.46875 0.2403846153846154 0.31971153846153844
0 0.6081730769230769 0.24519230769230768 0.055288461538461536 0.04807692307692308
0 0.6826923076923077 0.19471153846153846 0.019230769230769232 0.04326923076923077
1 0.9807692307692307 0.14182692307692307 0.036057692307692304 0.03365384615384615
1 0.39903846153846156 0.4423076923076923 0.18509615384615385 0.16826923076923078
1 0.6153846153846154 0.47115384615384615 0.2091346153846154 0.20192307692307693
1 0.6682692307692307 0.4206730769230769 0.17067307692307693 0.15384615384615385
0 0.7740384615384616 0.21153846153846154 0.009615384615384616 0.019230769230769232
0 0.7860576923076923 0.21394230769230768 0.004807692307692308 0.019230769230769232
0 0.7932692307692307 0.21394230769230768 0.004807692307692308 0.014423076923076924
2 0.8894230769230769 0.27163461538461536 0.22115384615384615 0.06971153846153846