0 0.5096153846153846 0.5408653846153846 0.15865384615384615 0.21394230769230768
0 0.4110576923076923 0.39903846153846156 0.04326923076923077 0.06971153846153846
0 0.3798076923076923 0.39903846153846156 0.014423076923076924 0.0673076923076923
0 0.3701923076923077 0.46153846153846156 0.01201923076923077 0.04567307692307692
0 0.3798076923076923 0.46153846153846156 0.01201923076923077 0.04326923076923077
0 0.3942307692307692 0.4567307692307692 0.019230769230769232 0.05048076923076923
0 0.43990384615384615 0.4519230769230769 0.02403846153846154 0.05048076923076923
0 0.41586538461538464 0.4543269230769231 0.02403846153846154 0.052884615384615384
0 0.5456730769230769 0.3798076923076923 0.014423076923076924 0.06490384615384616
0 0.5480769230769231 0.4206730769230769 0.01201923076923077 0.021634615384615384
0 0.5865384615384616 0.38221153846153844 0.016826923076923076 0.040865384615384616
0 0.5985576923076923 0.4206730769230769 0.019230769230769232 0.03365384615384615
1 0.3076923076923077 0.44471153846153844 0.03365384615384615 0.04326923076923077
1 0.33653846153846156 0.4735576923076923 0.052884615384615384 0.040865384615384616
1 0.2644230769230769 0.49038461538461536 0.02403846153846154 0.026442307692307692
1 0.4951923076923077 0.4110576923076923 0.04326923076923077 0.038461538461538464
1 0.46153846153846156 0.4110576923076923 0.02403846153846154 0.03125
1 0.4855769230769231 0.44711538461538464 0.040865384615384616 0.03125
1 0.5961538461538461 0.4375 0.019230769230769232 0.026442307692307692
1 0.5240384615384616 0.43990384615384615 0.026442307692307692 0.03365384615384615