0 0.5 0.5240384615384616 0.026442307692307692 0.038461538461538464
0 0.5552884615384616 0.5264423076923077 0.02403846153846154 0.036057692307692304
0 0.6009615384615384 0.5264423076923077 0.021634615384615384 0.038461538461538464
0 0.19230769230769232 0.42788461538461536 0.014423076923076924 0.019230769230769232
0 0.1875 0.44711538461538464 0.007211538461538462 0.019230769230769232
0 0.1971153846153846 0.44711538461538464 0.009615384615384616 0.016826923076923076
0 0.24759615384615385 0.42788461538461536 0.009615384615384616 0.019230769230769232
0 0.25240384615384615 0.44711538461538464 0.004807692307692308 0.019230769230769232
0 0.25961538461538464 0.4254807692307692 0.007211538461538462 0.016826923076923076
0 0.25961538461538464 0.44471153846153844 0.002403846153846154 0.019230769230769232
0 0.2692307692307692 0.44471153846153844 0.007211538461538462 0.019230769230769232
0 0.27884615384615385 0.44471153846153844 0.004807692307692308 0.016826923076923076
0 0.29086538461538464 0.44471153846153844 0.004807692307692308 0.014423076923076924
2 0.1778846153846154 0.49038461538461536 0.12740384615384615 0.05048076923076923