0 0.49038461538461536 0.5408653846153846 0.15865384615384615 0.21394230769230768
0 0.5889423076923077 0.39903846153846156 0.04326923076923077 0.06971153846153846
0 0.6201923076923077 0.39903846153846156 0.014423076923076924 0.0673076923076923
0 0.6298076923076923 0.46153846153846156 0.01201923076923077 0.04567307692307692
0 0.6201923076923077 0.46153846153846156 0.01201923076923077 0.04326923076923077
0 0.6057692307692307 0.4567307692307692 0.019230769230769232 0.05048076923076923
0 0.5600961538461539 0.4519230769230769 0.02403846153846154 0.05048076923076923
0 0.5841346153846154 0.4543269230769231 0.02403846153846154 0.052884615384615384
0 0.4543269230769231 0.3798076923076923 0.014423076923076924 0.06490384615384616
0 0.4519230769230769 0.4206730769230769 0.01201923076923077 0.021634615384615384
0 0.41346153846153844 0.38221153846153844 0.016826923076923076 0.040865384615384616
0 0.4014423076923077 0.4206730769230769 0.019230769230769232 0.03365384615384615
1 0.6923076923076923 0.44471153846153844 0.03365384615384615 0.04326923076923077
1 0.6634615384615384 0.4735576923076923 0.052884615384615384 0.040865384615384616
1 0.7355769230769231 0.49038461538461536 0.02403846153846154 0.026442307692307692
1 0.5048076923076923 0.4110576923076923 0.04326923076923077 0.038461538461538464
1 0.5384615384615384 0.4110576923076923 0.02403846153846154 0.03125
1 0.5144230769230769 0.44711538461538464 0.040865384615384616 0.03125
1 0.40384615384615385 0.4375 0.019230769230769232 0.026442307692307692
1 0.47596153846153844 0.43990384615384615 0.026442307692307692 0.03365384615384615