0 0.65625 0.5120192307692307 0.27884615384615385 0.46153846153846156
0 0.4182692307692308 0.3245192307692308 0.028846153846153848 0.07692307692307693
0 0.37740384615384615 0.33653846153846156 0.026442307692307692 0.06971153846153846
0 0.36778846153846156 0.39663461538461536 0.019230769230769232 0.04326923076923077
0 0.3918269230769231 0.4014423076923077 0.019230769230769232 0.04567307692307692
0 0.4230769230769231 0.3918269230769231 0.019230769230769232 0.04807692307692308
0 0.44711538461538464 0.3701923076923077 0.021634615384615384 0.040865384615384616
0 0.28365384615384615 0.31490384615384615 0.026442307692307692 0.04326923076923077
0 0.2548076923076923 0.3269230769230769 0.03365384615384615 0.05048076923076923
0 0.28846153846153844 0.3629807692307692 0.014423076923076924 0.038461538461538464
0 0.2644230769230769 0.36778846153846156 0.014423076923076924 0.02403846153846154
0 0.25961538461538464 0.39903846153846156 0.02403846153846154 0.04326923076923077
0 0.23557692307692307 0.3798076923076923 0.016826923076923076 0.057692307692307696
1 0.5168269230769231 0.3557692307692308 0.040865384615384616 0.036057692307692304
1 0.49278846153846156 0.37259615384615385 0.04326923076923077 0.04326923076923077
1 0.5480769230769231 0.3894230769230769 0.03125 0.026442307692307692
1 0.5216346153846154 0.40384615384615385 0.02403846153846154 0.028846153846153848
1 0.4951923076923077 0.4206730769230769 0.03365384615384615 0.038461538461538464
1 0.4495192307692308 0.4110576923076923 0.03365384615384615 0.038461538461538464
1 0.3581730769230769 0.33413461538461536 0.03365384615384615 0.03365384615384615
1 0.3245192307692308 0.35336538461538464 0.038461538461538464 0.05048076923076923
1 0.3293269230769231 0.39663461538461536 0.036057692307692304 0.03125
1 0.28846153846153844 0.3918269230769231 0.036057692307692304 0.02403846153846154
1 0.1778846153846154 0.3918269230769231 0.019230769230769232 0.019230769230769232