0 0.5 0.5240384615384616 0.026442307692307692 0.038461538461538464
0 0.44471153846153844 0.5264423076923077 0.02403846153846154 0.036057692307692304
0 0.39903846153846156 0.5264423076923077 0.021634615384615384 0.038461538461538464
0 0.8076923076923077 0.42788461538461536 0.014423076923076924 0.019230769230769232
0 0.8125 0.44711538461538464 0.007211538461538462 0.019230769230769232
0 0.8028846153846154 0.44711538461538464 0.009615384615384616 0.016826923076923076
0 0.7524038461538461 0.42788461538461536 0.009615384615384616 0.019230769230769232
0 0.7475961538461539 0.44711538461538464 0.004807692307692308 0.019230769230769232
0 0.7403846153846154 0.4254807692307692 0.007211538461538462 0.016826923076923076
0 0.7403846153846154 0.44471153846153844 0.002403846153846154 0.019230769230769232
0 0.7307692307692307 0.44471153846153844 0.007211538461538462 0.019230769230769232
0 0.7211538461538461 0.44471153846153844 0.004807692307692308 0.016826923076923076
0 0.7091346153846154 0.44471153846153844 0.004807692307692308 0.014423076923076924
2 0.8221153846153846 0.49038461538461536 0.12740384615384615 0.05048076923076923