0 0.36778846153846156 0.53125 0.021634615384615384 0.03365384615384615
0 0.35096153846153844 0.5072115384615384 0.014423076923076924 0.026442307692307692
0 0.25961538461538464 0.5048076923076923 0.016826923076923076 0.02403846153846154
0 0.2860576923076923 0.4735576923076923 0.007211538461538462 0.01201923076923077
0 0.30528846153846156 0.4735576923076923 0.004807692307692308 0.014423076923076924
0 0.3293269230769231 0.47115384615384615 0.007211538461538462 0.01201923076923077
0 0.49278846153846156 0.4567307692307692 0.014423076923076924 0.021634615384615384
1 0.46875 0.5336538461538461 0.026442307692307692 0.02403846153846154
1 0.4375 0.5072115384615384 0.019230769230769232 0.016826923076923076
1 0.25 0.5360576923076923 0.026442307692307692 0.028846153846153848
1 0.1658653846153846 0.5072115384615384 0.019230769230769232 0.021634615384615384
1 0.12980769230769232 0.5360576923076923 0.021634615384615384 0.02403846153846154
2 0.49278846153846156 0.46875 0.04567307692307692 0.021634615384615384