0 0.43028846153846156 0.3557692307692308 0.01201923076923077 0.019230769230769232
0 0.41586538461538464 0.3605769230769231 0.007211538461538462 0.009615384615384616
0 0.23317307692307693 0.375 0.009615384615384616 0.01201923076923077
0 0.20673076923076922 0.375 0.004807692307692308 0.009615384615384616
0 0.1875 0.37740384615384615 0.009615384615384616 0.01201923076923077
0 0.21394230769230768 0.41346153846153844 0.019230769230769232 0.03125
0 0.11538461538461539 0.4110576923076923 0.02403846153846154 0.028846153846153848
0 0.1875 0.44471153846153844 0.02403846153846154 0.038461538461538464
1 0.052884615384615384 0.4495192307692308 0.03125 0.028846153846153848
1 0.009615384615384616 0.4182692307692308 0.019230769230769232 0.02403846153846154
1 0.31009615384615385 0.41346153846153844 0.021634615384615384 0.021634615384615384
1 0.3076923076923077 0.44471153846153844 0.021634615384615384 0.02403846153846154
2 0.4110576923076923 0.37259615384615385 0.05048076923076923 0.021634615384615384