2 0.11057692307692307 0.5 0.052884615384615384 0.026442307692307692
1 0.25961538461538464 0.5721153846153846 0.028846153846153848 0.028846153846153848
1 0.24278846153846154 0.5408653846153846 0.019230769230769232 0.021634615384615384
1 0.4831730769230769 0.5528846153846154 0.02403846153846154 0.02403846153846154
1 0.5024038461538461 0.5216346153846154 0.019230769230769232 0.016826923076923076
1 0.5793269230769231 0.5456730769230769 0.02403846153846154 0.021634615384615384
1 0.7403846153846154 0.6826923076923077 0.052884615384615384 0.052884615384615384
0 0.8100961538461539 0.6634615384615384 0.052884615384615384 0.06490384615384616
0 0.6490384615384616 0.6875 0.052884615384615384 0.06971153846153846
0 0.3798076923076923 0.5600961538461539 0.021634615384615384 0.03365384615384615
0 0.4230769230769231 0.5240384615384616 0.019230769230769232 0.028846153846153848
0 0.3389423076923077 0.53125 0.014423076923076924 0.021634615384615384
0 0.34615384615384615 0.4951923076923077 0.007211538461538462 0.007211538461538462
0 0.3269230769230769 0.4951923076923077 0.007211538461538462 0.009615384615384616
0 0.30528846153846156 0.4951923076923077 0.007211538461538462 0.01201923076923077
0 0.08413461538461539 0.4831730769230769 0.01201923076923077 0.021634615384615384
0 0.10096153846153846 0.49038461538461536 0.007211538461538462 0.009615384615384616