2 0.109375 0.5 0.05 0.025
1 0.259375 0.571875 0.028125 0.028125
1 0.24375 0.540625 0.01875 0.021875
1 0.48125 0.553125 0.025 0.025
1 0.503125 0.521875 0.01875 0.015625
1 0.578125 0.54375 0.025 0.021875
1 0.740625 0.68125 0.05 0.053125
0 0.809375 0.665625 0.05 0.065625
0 0.65 0.6875 0.05 0.06875
0 0.378125 0.559375 0.021875 0.034375
0 0.425 0.525 0.01875 0.028125
0 0.3375 0.53125 0.0125 0.021875
0 0.346875 0.49375 0.00625 0.00625
0 0.328125 0.496875 0.00625 0.009375
0 0.30625 0.496875 0.00625 0.0125
0 0.084375 0.484375 0.0125 0.021875
0 0.1 0.490625 0.00625 0.009375