0 0.046875 0.271875 0.09375 0.115625
0 0.175 0.328125 0.059375 0.0875
0 0.23125 0.503125 0.13125 0.165625
0 0.284375 0.596875 0.0625 0.0625
0 0.734375 0.525 0.115625 0.165625
0 0.653125 0.58125 0.01875 0.040625
0 0.40625 0.2625 0.015625 0.034375
0 0.421875 0.234375 0.015625 0.025
0 0.5125 0.2375 0.015625 0.025
0 0.484375 0.2 0.00625 0.0125
0 0.465625 0.2 0.009375 0.015625
0 0.44375 0.2 0.00625 0.015625
0 0.259375 0.1625 0.0125 0.025
2 0.265625 0.184375 0.05 0.025
1 0.290625 0.259375 0.025 0.028125
1 0.325 0.228125 0.015625 0.01875
1 0.528125 0.271875 0.025 0.025
1 0.60625 0.246875 0.015625 0.015625
1 0.64375 0.28125 0.025 0.025
1 0.5 0.503125 0.171875 0.184375