0 0.509375 0.540625 0.159375 0.2125
0 0.409375 0.4 0.04375 0.06875
0 0.38125 0.4 0.0125 0.065625
0 0.36875 0.4625 0.0125 0.046875
0 0.378125 0.4625 0.0125 0.04375
0 0.39375 0.45625 0.01875 0.05
0 0.4375 0.453125 0.025 0.05
0 0.415625 0.45625 0.025 0.053125
0 0.546875 0.378125 0.0125 0.0625
0 0.546875 0.41875 0.0125 0.021875
0 0.5875 0.38125 0.015625 0.040625
0 0.596875 0.421875 0.01875 0.03125
1 0.309375 0.44375 0.034375 0.04375
1 0.3375 0.475 0.05 0.040625
1 0.265625 0.490625 0.025 0.025
1 0.496875 0.409375 0.040625 0.0375
1 0.4625 0.4125 0.021875 0.03125
1 0.484375 0.446875 0.040625 0.03125
1 0.59375 0.4375 0.01875 0.025
1 0.521875 0.440625 0.025 0.03125