2 0.890625 0.5 0.05 0.025
1 0.740625 0.571875 0.028125 0.028125
1 0.75625 0.540625 0.01875 0.021875
1 0.51875 0.553125 0.025 0.025
1 0.496875 0.521875 0.01875 0.015625
1 0.421875 0.54375 0.025 0.021875
1 0.259375 0.68125 0.05 0.053125
0 0.190625 0.665625 0.05 0.065625
0 0.35 0.6875 0.05 0.06875
0 0.621875 0.559375 0.021875 0.034375
0 0.575 0.525 0.01875 0.028125
0 0.6625 0.53125 0.0125 0.021875
0 0.653125 0.49375 0.00625 0.00625
0 0.671875 0.496875 0.00625 0.009375
0 0.69375 0.496875 0.00625 0.0125
0 0.915625 0.484375 0.0125 0.021875
0 0.9 0.490625 0.00625 0.009375