0 0.34375 0.5125 0.278125 0.4625
0 0.58125 0.325 0.028125 0.078125
0 0.621875 0.3375 0.025 0.06875
0 0.63125 0.396875 0.01875 0.040625
0 0.60625 0.4 0.01875 0.046875
0 0.575 0.390625 0.01875 0.046875
0 0.553125 0.371875 0.021875 0.040625
0 0.715625 0.315625 0.025 0.04375
0 0.746875 0.328125 0.034375 0.05
0 0.7125 0.3625 0.015625 0.0375
0 0.7375 0.365625 0.015625 0.025
0 0.740625 0.4 0.025 0.040625
0 0.765625 0.378125 0.015625 0.05625
1 0.484375 0.35625 0.040625 0.0375
1 0.50625 0.371875 0.04375 0.04375
1 0.45 0.3875 0.03125 0.025
1 0.478125 0.403125 0.021875 0.028125
1 0.50625 0.421875 0.034375 0.0375
1 0.55 0.409375 0.034375 0.0375
1 0.64375 0.334375 0.03125 0.03125
1 0.675 0.353125 0.0375 0.05
1 0.671875 0.396875 0.0375 0.03125
1 0.709375 0.39375 0.034375 0.025
1 0.821875 0.39375 0.01875 0.01875